0.0005 1 7501
0.0005 1 7502
0.0005 1 7503
0.0005 1 7504
0.0005 1 7505
0.0005 1 7506
0.0005 3 7501
0.0005 3 7502
0.0005 3 7503
0.0005 3 7504
0.0005 3 7505
0.0005 3 7506
0.0005 10 7501
0.0005 10 7502
0.0005 10 7503
0.0005 10 7504
0.0005 10 7505
0.0005 10 7506
0.0005 30 7501
0.0005 30 7502
0.0005 30 7503
0.0005 30 7504
0.0005 30 7505
0.0005 30 7506
0.0005 100 7501
0.0005 100 7502
0.0005 100 7503
0.0005 100 7504
0.0005 100 7505
0.0005 100 7506
0.005 1 7501
0.005 1 7502
0.005 1 7503
0.005 1 7504
0.005 1 7505
0.005 1 7506
0.005 3 7501
0.005 3 7502
0.005 3 7503
0.005 3 7504
0.005 3 7505
0.005 3 7506
0.005 10 7501
0.005 10 7502
0.005 10 7503
0.005 10 7504
0.005 10 7505
0.005 10 7506
0.005 30 7501
0.005 30 7502
0.005 30 7503
0.005 30 7504
0.005 30 7505
0.005 30 7506
0.005 100 7501
0.005 100 7502
0.005 100 7503
0.005 100 7504
0.005 100 7505
0.005 100 7506
0.05 1 7501
0.05 1 7502
0.05 1 7503
0.05 1 7504
0.05 1 7505
0.05 1 7506
0.05 3 7501
0.05 3 7502
0.05 3 7503
0.05 3 7504
0.05 3 7505
0.05 3 7506
0.05 10 7501
0.05 10 7502
0.05 10 7503
0.05 10 7504
0.05 10 7505
0.05 10 7506
0.05 30 7501
0.05 30 7502
0.05 30 7503
0.05 30 7504
0.05 30 7505
0.05 30 7506
0.05 100 7501
0.05 100 7502
0.05 100 7503
0.05 100 7504
0.05 100 7505
0.05 100 7506
0.3 1 7501
0.3 1 7502
0.3 1 7503
0.3 1 7504
0.3 1 7505
0.3 1 7506
0.3 3 7501
0.3 3 7502
0.3 3 7503
0.3 3 7504
0.3 3 7505
0.3 3 7506
0.3 10 7501
0.3 10 7502
0.3 10 7503
0.3 10 7504
0.3 10 7505
0.3 10 7506
0.3 30 7501
0.3 30 7502
0.3 30 7503
0.3 30 7504
0.3 30 7505
0.3 30 7506
0.3 100 7501
0.3 100 7502
0.3 100 7503
0.3 100 7504
0.3 100 7505
0.3 100 7506
