A 0 7401 0 2000 0
B 0 7401 1 2000 0
A0 0 7401 0 0 0
B0 0 7401 1 0 0
Bn 1 7401 0 2000 0
A 0 7401 0 2000 1
B 0 7401 1 2000 1
A0 0 7401 0 0 1
B0 0 7401 1 0 1
Bn 1 7401 0 2000 1
A 0 7402 0 2000 0
B 0 7402 1 2000 0
A0 0 7402 0 0 0
B0 0 7402 1 0 0
Bn 1 7402 0 2000 0
A 0 7402 0 2000 1
B 0 7402 1 2000 1
A0 0 7402 0 0 1
B0 0 7402 1 0 1
Bn 1 7402 0 2000 1
A 0 7403 0 2000 0
B 0 7403 1 2000 0
A0 0 7403 0 0 0
B0 0 7403 1 0 0
Bn 1 7403 0 2000 0
A 0 7403 0 2000 1
B 0 7403 1 2000 1
A0 0 7403 0 0 1
B0 0 7403 1 0 1
Bn 1 7403 0 2000 1
A 0 7404 0 2000 0
B 0 7404 1 2000 0
A0 0 7404 0 0 0
B0 0 7404 1 0 0
Bn 1 7404 0 2000 0
A 0 7404 0 2000 1
B 0 7404 1 2000 1
A0 0 7404 0 0 1
B0 0 7404 1 0 1
Bn 1 7404 0 2000 1
A 0 7405 0 2000 0
B 0 7405 1 2000 0
A0 0 7405 0 0 0
B0 0 7405 1 0 0
Bn 1 7405 0 2000 0
A 0 7405 0 2000 1
B 0 7405 1 2000 1
A0 0 7405 0 0 1
B0 0 7405 1 0 1
Bn 1 7405 0 2000 1
A 0 7406 0 2000 0
B 0 7406 1 2000 0
A0 0 7406 0 0 0
B0 0 7406 1 0 0
Bn 1 7406 0 2000 0
A 0 7406 0 2000 1
B 0 7406 1 2000 1
A0 0 7406 0 0 1
B0 0 7406 1 0 1
Bn 1 7406 0 2000 1
A 0 7407 0 2000 0
B 0 7407 1 2000 0
A0 0 7407 0 0 0
B0 0 7407 1 0 0
Bn 1 7407 0 2000 0
A 0 7407 0 2000 1
B 0 7407 1 2000 1
A0 0 7407 0 0 1
B0 0 7407 1 0 1
Bn 1 7407 0 2000 1
A 0 7408 0 2000 0
B 0 7408 1 2000 0
A0 0 7408 0 0 0
B0 0 7408 1 0 0
Bn 1 7408 0 2000 0
A 0 7408 0 2000 1
B 0 7408 1 2000 1
A0 0 7408 0 0 1
B0 0 7408 1 0 1
Bn 1 7408 0 2000 1
A 0 7409 0 2000 0
B 0 7409 1 2000 0
A0 0 7409 0 0 0
B0 0 7409 1 0 0
Bn 1 7409 0 2000 0
A 0 7409 0 2000 1
B 0 7409 1 2000 1
A0 0 7409 0 0 1
B0 0 7409 1 0 1
Bn 1 7409 0 2000 1
A 0 7410 0 2000 0
B 0 7410 1 2000 0
A0 0 7410 0 0 0
B0 0 7410 1 0 0
Bn 1 7410 0 2000 0
A 0 7410 0 2000 1
B 0 7410 1 2000 1
A0 0 7410 0 0 1
B0 0 7410 1 0 1
Bn 1 7410 0 2000 1
A 0 7411 0 2000 0
B 0 7411 1 2000 0
A0 0 7411 0 0 0
B0 0 7411 1 0 0
Bn 1 7411 0 2000 0
A 0 7411 0 2000 1
B 0 7411 1 2000 1
A0 0 7411 0 0 1
B0 0 7411 1 0 1
Bn 1 7411 0 2000 1
A 0 7412 0 2000 0
B 0 7412 1 2000 0
A0 0 7412 0 0 0
B0 0 7412 1 0 0
Bn 1 7412 0 2000 0
A 0 7412 0 2000 1
B 0 7412 1 2000 1
A0 0 7412 0 0 1
B0 0 7412 1 0 1
Bn 1 7412 0 2000 1
